Total 237
604
854 666 435 834 606 1127 197 1257 492 563 807 1179 219 105 805 518 252 1258 293 1122 740 886 1067 661 1309 519 1318 1312 574 837 1056 1307 586 712 483 1175 845 627 872 1124 1180 243 535 860 867 917 147 851 1221 641 694 804 1106 1281 165 793 1080 1242 550 587 747 781 1097 231 580 782 1014 1142 1247 598 689 422 602 1299 136 270 553 227 640 632 925 1087 1070 956 509 1275 220 1160 123 184 738 269 392 436 710 861 309 1002 203 310 367 465 560 870 948 1223 1234 1315 132 175 229 290 480 515 551 1170 185 240 334 839 446 614 410 566 1287 623 452 1098 1322 205 830 383 1210 1226 178 386 685 720 396 525 703 934 1131 1274 179 708 883 894 915 1189 173 268 843 1128 1143 94 907 409 787 1102 1222 633 670 901 879 108 395 1171 360 542 562 921 992 353 662 1253 214 462 965 1075 1197 124 330 548 572 637 953 1296 316 591 658 713 1154 568 617 1069 1224 18 43 328 381 639 24 289 317 343 350 473 862 1107 1191 107 321 750 294 828 891 1184 1219 1260 1123 256 1063 239 798 890 1068 78 315 523 539 630 1285 438 818 1148 1220 57 318 554 604 711 932 980 1232 1304 87 380 581 724 796 1230 1248 206 311 423 721 970 1169 306 53 388 257 698 783 826 892 1150 1198 1203 61 490 628 684 693 752 767 966 1036 1211 1259 1269 145 79 134 274 478 528 722 864 1157 1273 1314 12 464 794 824 1297 85 186 616 808 420 1251 154 221 1044 1145 176 583 822 847 909 1113 1138 1268 1317 1225 260 960 406 501 954 651 737 841 887 1083 1091 1200 1204 1227 276 282 445 857 224 400 546 664 777 914 1084 1092 1129 1130 29 36 588 766 910 1081 20 93 157 169 878 888 929 1174 1192 549 98 64 99 156 345 1060 1082 1166 1177 1302 73 379 300 1003 455 564 653 671 844 1050 1055 1235 1240 1265 91 190 323 516 603 1217 1243 112 194 207 453 1041 1282 307 283 397 444 451 475 615 813 922 1059 1137 1276 14 325 601 961 1311 212 505 947 84 258 342 809 829 877 989 1048 700 957 974 1108 135 213 319 779 863 1022 1073 272 612 819 904 1066 1132 2 356 577 1111 200 1000 1049 1201 1279 573 104 357 597 773 825 858 896 1321 228 502 19 326 242 493 962 889 593 146 370 511 959 977 987 1051 1330 102 440 474 558 128 255 916 579 716 933 761 846 216 668 833 897 1119 1125 1167 1244 151 398 1045 1096 1104 1284 468 482 414 28 149 11 171 434 669 908 941 218 1112 152 674 114 137 702 1206 96 122 180 286 340 1126 1278 126 142 522 233 237 297 402 470 775 776 985 1146 241 589 650 656 1301 266 456 1151 547 346 769 882 204 506 565 1246 199 374 945 1147 802 72 285 387 681 866 938 1183 556 946 1025 1209 76 1034 991 139 439 728 719 497 655 994 817 394 417 472 629 82 1015 1105 65 982 33 544 430 926 486 663 942 81 801
112
263 744 859 32 222 521 1076 62 967 223 582 259 998 1089 1153 484 1072 648 849 815 855 13 183 273 1194 1298 405 384 903 46 905 443 569 496 1196 148 673 75 447 853 969 919 230 278 118 1159 378 331 196 856 561 768 1035 1141 1237 533 1005 26 643 749 831 869 463 88 159 665 748 1239 1172 984 198 1118 403 63 534 937 168 873 1018 215 389 495 1168 302 532 44 121 150 714 301 955 704 140 578 352 619 366 1238 25 50 226 288 284 58 125 1187 393 827 733 59 529 852
60
1294 610 16 545 1019 731 995 1329 250 621 1228 97 1058 1193 949 618 1012 336 45 500 972 1065 1327 235 264 450 390 759 100 1133 174 412 418 652 1046 951 1115 344 351 931 1320 1231 327 596 512 913 764 559 312 701 1090 692 1027 113 40 320 187 265 778 130
33
756 1031 1071 1032 364 110 571 17 1325 141 555 895 37 635 167 461 391 745 181 116 697 927 262 734 267 371 1037 5 1120 372 1264 1289 1011
31
1186 1008 1016 1195 552 1028 803 1233 646 871 979 407 590 868 763 1093 611 642 842 291 48 645 806 785 217 1271 329 1328 875 1040 1280
23
973 1161 92 1270 789 421 143 683 1140 607 1077 365 647 718 800 476 182 1152 952 1144 696 1121 347
18
943 976 1164 770 1310 1229 729 1216 155 1215 814 296 348 1079 1305 71 1178 1033
15
996 1052 51 788 1038 1006 638 115 605 133 189 898 944 70 585
9
1300 244 208 688 757 821 613 426 245
11
609 275 1266 27 939 425 449 424 881 680 251
10
971 575 736 375 1109 481 999 884 1256 362
8
622 631 912 333 249 279 791 758
9
335 930 797 499 305 469 188 8 540
8
727 1004 1074 538 339 1331 1163 649
8
1205 1207 1208 1007 536 304 715 460
6
117 359 988 416 144 83
8
399 1110 1094 707 363 848 832 86
6
935 1176 1277 507 1261 225
6
1245 1286 55 514 202 442
7
838 726 1095 479 1214 625 1139
5
968 95 567 816 672
3
874 840 234
3
1114 1085 210
3
1241 1173 1047
6
1323 1101 865 385 784 1001
3
238 211 1039
2
246 732
2
754 695
2
477 620
2
457 576
2
67 1062
2
349 524
2
254 600
2
471 557
2
382 543
2
164 706
2
433 413
2
1212 1086
2
835 161
2
432 308
2
401 678
2
23 676
2
1135 823
2
660 850
2
1303 717
2
667 686
2
354 1116
2
1255 1057
2
34 644
2
1 746
2
762 1155
2
836 1149
2
22 739
2
986 659
2
467 361
2
458 373
2
780 657
2
491 690
2
626 531
2
166 1054
2
31 709
2
195 679
2
526 1134
2
429 131
2
369 314
2
1290 376
2
928 322
2
280 324
2
292 448
2
52 753
2
682 691
2
774 790
2
66 634
2
920 741
2
341 760
2
9 332
2
1099 162
2
489 158
2
654 1064
2
743 411
2
771 1295
2
358 751
2
368 1158
2
253 129
2
6 950
2
820 1293
2
0 138
2
377 1053
2
699 893
2
1017 1188
2
209 485
2
1254 1202
2
520 811
2
56 1100
2
885 964
2
687 191
2
1013 163
2
103 498
2
735 1236
2
90 35
2
408 510
9
792 1185 513 1030 1156 1190 277 594 232
7
1218 963 1061 160 880 1292 1319
4
1078 636 1262 1043
5
1117 80 599 541 49
3
983 1162 127
3
419 298 355
3
41 527 508
2
1283 592
2
1165 313
2
303 1267
2
677 517
2
39 437
1
1291
1
299
1
106
1
1103
1
15
1
1308
1
428
1
247
1
248
1
172
1
675
1
990
1
54
1
1252
1
1263
1
900
1
74
1
21
1
958
1
1023
1
1021
1
981
1
201
1
799
1
876
1
795
1
940
1
608
1
454
1
109
1
431
1
1010
1
7
1
236
1
60
1
192
1
918
1
595
1
89
1
1182
1
295
1
338
1
1020
1
1009
1
261
1
77
1
487
1
47
1
725
1
101
1
193
1
38
1
441
1
1088
1
924
1
1250
1
120
1
906
1
177
1
1136
1
730
1
494
1
1332
1
812
1
923
1
530
1
742
1
4
1
1029
1
170
1
570
1
902
1
975
1
1042
1
624
1
1306
1
1024
1
153
1
1272
1
287
1
765
1
30
1
1213
1
404
1
755
1
1026
1
459
1
936
1
504
1
993
1
466
1
111
1
1249
1
1199
1
899
1
427
1
1288
1
337
1
1326
1
997
1
503
1
10
1
810
1
69
1
978
1
281
1
42
1
488
1
68
1
705
1
786
1
119
1
772
1
415
1
584
1
911
1
1313
1
1324
1
3
1
1181
1
271
1
723
1
537
1
1316