Total 235
610
854 666 435 834 1127 606 197 492 807 563 1179 1257 518 1258 219 105 252 740 805 886 293 1067 519 574 837 586 1180 243 661 867 859 483 627 1318 535 860 917 1124 147 165 641 694 804 851 1106 1242 550 1080 1307 1309 1142 1097 1247 32 222 712 587 781 231 580 782 1014 270 872 1221 1281 1087 136 602 689 1299 553 632 521 747 1056 1312 793 1122 845 925 640 956 1070 1275 123 203 269 310 367 392 436 465 515 551 560 861 738 948 870 1234 1315 710 185 839 334 132 1170 175 480 1002 240 290 309 614 1160 184 1223 229 220 446 410 566 509 1098 623 205 178 383 386 685 703 720 883 1131 1210 1226 1274 1322 452 1287 830 525 915 94 708 894 934 1102 1143 879 409 633 173 268 1189 843 1128 907 1222 670 921 1197 901 43 78 328 473 542 1107 1123 1191 1296 316 1154 750 1068 1184 1260 818 396 639 108 179 350 239 539 423 18 330 395 528 794 1203 965 1253 992 693 1171 381 462 966 1063 548 783 1148 953 591 87 321 684 1048 1157 662 1150 1285 107 186 206 214 294 306 315 353 1259 1297 478 134 1314 79 568 1069 53 554 581 787 1072 713 124 1075 862 658 183 1194 256 289 24 637 1224 891 1248 890 798 1200 617 1081 36 274 887 1227 960 1232 360 1044 1145 630 698 57 64 85 397 91 99 156 157 169 711 438 954 523 932 980 1174 490 20 444 445 1082 546 616 1304 564 588 721 844 604 896 615 671 961 1166 1251 653 61 98 145 221 276 767 822 282 318 323 406 1003 929 1217 345 724 826 380 549 1269 583 1169 1036 796 1211 970 752 1000 853 919 272 29 84 516 603 1279 825 1225 914 1050 1092 947 207 857 864 1083 933 1204 260 283 1243 307 420 501 505 1091 651 628 1198 737 1137 878 1317 300 1113 909 1268 135 722 1138 154 863 475 1177 1141 148 176 400 194 502 1130 190 2 1235 213 451 779 957 1132 1282 1041 1073 819 1022 118 464 1246 14 1045 1051 212 286 1311 669 987 357 668 858 28 128 228 700 326 908 776 73 482 573 1119 1125 589 102 1126 1206 440 989 597 716 398 941 959 577 593 612 974 112 1167 149 474 242 702 829 237 579 761 897 877 889 962 137 255 511 241 455 493 775 434 104 773 534 856 1146 1244 1239 601 388 19 977 904 200 1108 1112 146 809 777 847 922 319 218 841 833 1066 1329 196 180 769 1330 340 882 512 351 204 764 650 1219 596 1129 1237 470 390 312 951 1059 456 846 1060 257 895 370 871 76 719 497 1035 342 12 813 1084 374 910 439 216 224 522 985 619 808 1192 141 1320 532 121 824 1265 343 151 453 506 1025 1015 1034 1105 285 394 945 802 938 1111 655 417 199 817 11 72 681 346 1183 1049 472 547 556 50 565 58 1096 629 122 1147 142 827 468 991 65 82 152 728 994 1301 866 714 1278 674 1209 267 946 562 1055 646 1240 572 96 258 828 325 1276 235 916 544 33 926 430 982 942 81 486 801 663
111
263 744 1175 598 422 227 1076 756 62 1089 223 998 259 967 13 1032 484 892 815 903 1230 1298 1153 648 317 888 571 849 1196 273 356 766 969 1220 405 1273 569 311 384 331 75 447 533 1005 618 1302 1284 1228 1321 768 88 748 297 664 1172 63 168 1201 233 402 403 463 937 1018 26 171 665 100 1151 126 1115 418 174 495 412 692 701 1231 344 114 230 673 1325 552 378 996 1007 749 1118 266 1104 25 44 150 301 302 873 955 1168 140 642 1264 704 631 971 215 869 164 59 529 852
63
582 610 16 545 995 855 1019 731 250 93 621 1012 949 46 496 1159 1058 443 1193 972 45 561 264 181 643 291 931 320 387 759 656 461 1079 348 745 1037 425 939 757 424 555 116 393 125 139 1187 366 1238 226 262 288 329 875 1328 372 1120 1310 371 1140 335 1109 1017 485
41
1031 943 1071 364 17 905 336 37 97 159 558 450 831 763 559 645 842 1090 944 189 898 278 167 265 40 500 1327 1077 327 113 182 187 718 800 605 217 275 1052 5 457 790
29
1294 1186 984 927 607 1133 1008 1233 92 979 1028 365 1144 578 590 803 110 696 1065 1093 729 414 814 736 1004 117 1152 0 510
23
973 379 1161 1195 1270 635 683 143 999 611 806 155 1271 734 284 352 1216 874 481 51 1046 66 1149
14
1016 789 244 770 647 296 788 1027 638 881 48 305 467 1158
11
1164 976 389 1006 1215 27 279 421 1094 726 1023
10
913 1038 1208 1331 575 1205 688 115 1013 524
9
198 652 499 375 208 133 339 667 234
9
1300 697 884 912 1266 1245 821 816 600
9
391 868 1305 55 707 188 1110 733 322
8
407 1229 785 476 304 95 928 1053
8
727 930 249 71 363 735 1040 281
7
935 1207 1277 1176 1074 1254 236
6
609 359 1286 848 1178 89
6
622 469 449 333 778 413
6
399 538 536 797 1121 1181
5
952 968 988 31 158
4
416 1289 130 1039
4
507 8 1117 1280
5
1114 613 253 1011 74
7
838 1 1214 1095 479 1139 625
4
567 514 238 1308
3
1241 6 4
6
1290 784 1101 865 1001 385
3
687 303 1267
2
433 30
2
491 35
2
1303 68
2
429 83
2
56 86
2
660 101
2
22 106
2
458 111
2
52 119
2
209 129
2
885 131
2
840 138
2
654 161
2
471 162
2
743 163
2
1173 172
2
780 177
2
368 191
2
820 210
2
1163 211
2
626 225
2
682 245
2
34 251
2
280 271
2
432 299
2
377 308
2
246 314
2
1261 324
2
774 332
2
292 347
2
23 361
2
426 362
2
715 373
2
477 376
2
762 411
2
986 427
2
680 442
2
1212 448
2
699 454
2
254 460
2
1135 488
2
358 494
2
1099 498
2
836 503
2
354 517
2
103 531
2
70 540
2
832 543
2
1256 557
2
526 576
2
489 585
2
920 620
2
369 634
2
1255 644
2
9 649
2
1323 657
2
144 659
2
67 672
2
166 676
2
349 678
2
754 679
2
520 686
2
195 690
2
1085 691
2
771 695
2
382 706
2
835 709
2
202 717
2
341 732
2
401 739
2
791 741
2
408 746
2
90 751
9
792 1185 513 1156 1030 1190 594 232 277
7
1078 963 160 1061 1319 880 508
4
983 1262 636 1043
4
80 599 49 541
4
419 1292 21 298
3
1218 1162 127
2
41 527
2
1283 592
2
1165 1272
2
39 437
2
911 313
2
355 755
1
958
1
1188
1
823
1
1306
1
1088
1
760
1
1021
1
1293
1
975
1
431
1
47
1
893
1
415
1
1136
1
287
1
772
1
193
1
77
1
1134
1
441
1
459
1
742
1
1313
1
38
1
1263
1
428
1
1236
1
753
1
624
1
487
1
1316
1
337
1
725
1
1213
1
723
1
570
1
899
1
1288
1
3
1
705
1
1010
1
595
1
677
1
153
1
1155
1
997
1
810
1
1326
1
10
1
936
1
530
1
7
1
1250
1
201
1
1182
1
1249
1
786
1
730
1
923
1
60
1
1033
1
1026
1
900
1
1332
1
466
1
918
1
1291
1
1009
1
338
1
811
1
765
1
799
1
120
1
812
1
1054
1
964
1
247
1
15
1
1057
1
850
1
906
1
1116
1
1103
1
537
1
295
1
584
1
69
1
978
1
950
1
876
1
1024
1
1042
1
940
1
1086
1
990
1
42
1
608
1
993
1
795
1
1324
1
261
1
675
1
758
1
54
1
1020
1
1047
1
1100
1
902
1
504
1
170
1
1062
1
1295
1
192
1
981
1
248
1
1202
1
1064
1
404
1
924
1
1199
1
1252
1
1029
1
109