582 610 16 545 995 855 1019 731 250 93 621 1012 949 46 496 1159 1058 443 1193 972 45 561 264 181 643 291 931 320 387 759 656 461 1079 348 745 1037 425 939 757 424 555 116 393 125 139 1187 366 1238 226 262 288 329 875 1328 372 1120 1310 371 1140 335 1109 1017 485
1031 943 1071 364 17 905 336 37 97 159 558 450 831 763 559 645 842 1090 944 189 898 278 167 265 40 500 1327 1077 327 113 182 187 718 800 605 217 275 1052 5 457 790
1294 1186 984 927 607 1133 1008 1233 92 979 1028 365 1144 578 590 803 110 696 1065 1093 729 414 814 736 1004 117 1152 0 510
973 379 1161 1195 1270 635 683 143 999 611 806 155 1271 734 284 352 1216 874 481 51 1046 66 1149
1016 789 244 770 647 296 788 1027 638 881 48 305 467 1158
1164 976 389 1006 1215 27 279 421 1094 726 1023
913 1038 1208 1331 575 1205 688 115 1013 524
198 652 499 375 208 133 339 667 234
1300 697 884 912 1266 1245 821 816 600
391 868 1305 55 707 188 1110 733 322
792 1185 513 1156 1030 1190 594 232 277